20
0 9
0 17
0 19
0 4
0 10
0 8
1 5
1 6
1 11
1 10
1 12
1 13
2 15
2 6
2 13
2 10
2 19
2 1
2 12
3 7
3 13
3 10
3 11
3 19
3 12
4 18
4 1
4 13
4 5
5 13
5 6
5 10
7 9
7 13
7 12
7 5
7 10
7 1
8 1
8 18
8 13
8 15
9 16
9 1
9 10
9 11
9 6
10 13
10 6
11 6
11 13
11 5
11 10
12 11
12 6
12 13
12 5
13 6
14 4
14 13
14 10
14 19
14 11
14 5
14 6
15 14
15 19
15 6
15 11
15 5
15 12
16 17
16 6
16 5
16 19
16 10
16 13
16 1
16 11
17 2
17 1
17 5
17 11
17 10
17 12
17 6
18 3
18 6
18 5
18 11
18 1
18 13
18 10
18 12
18 19
19 12
19 11
19 1
19 10
19 13
